1 0.0 0.07407407407407407 0.059027777777777776 0.07407407407407407 0.059027777777777776 0.12397119341563786 0.0 0.12397119341563786
0 0.15779320987654322 0.07767489711934156 0.22376543209876543 0.07767489711934156 0.22376543209876543 0.12551440329218108 0.15779320987654322 0.12551440329218108
0 0.31983024691358025 0.0874485596707819 0.38387345679012347 0.0874485596707819 0.38387345679012347 0.13168724279835392 0.31983024691358025 0.13168724279835392
0 0.4695216049382716 0.0941358024691358 0.5401234567901234 0.0941358024691358 0.5401234567901234 0.13786008230452676 0.4695216049382716 0.13786008230452676
0 0.6558641975308642 0.09156378600823045 0.7253086419753086 0.09156378600823045 0.7253086419753086 0.1352880658436214 0.6558641975308642 0.1352880658436214
0 0.847608024691358 0.08641975308641975 0.9108796296296297 0.08641975308641975 0.9108796296296297 0.12757201646090535 0.847608024691358 0.12757201646090535
0 0.5709876543209876 0.25051440329218105 0.6377314814814815 0.25051440329218105 0.6377314814814815 0.2932098765432099 0.5709876543209876 0.2932098765432099
0 0.71875 0.25308641975308643 0.7866512345679012 0.25308641975308643 0.7866512345679012 0.2932098765432099 0.71875 0.2932098765432099
0 0.873070987654321 0.24588477366255143 0.9390432098765432 0.24588477366255143 0.9390432098765432 0.2911522633744856 0.873070987654321 0.2911522633744856
0 0.30941358024691357 0.24588477366255143 0.37808641975308643 0.24588477366255143 0.37808641975308643 0.2932098765432099 0.30941358024691357 0.2932098765432099
0 0.45447530864197533 0.25308641975308643 0.5185185185185185 0.25308641975308643 0.5185185185185185 0.29835390946502055 0.45447530864197533 0.29835390946502055
0 0.09760802469135803 0.4686213991769547 0.15316358024691357 0.4686213991769547 0.15316358024691357 0.5164609053497943 0.09760802469135803 0.5164609053497943
0 0.22376543209876543 0.4675925925925926 0.28587962962962965 0.4675925925925926 0.28587962962962965 0.5190329218106996 0.22376543209876543 0.5190329218106996
0 0.12422839506172839 0.2381687242798354 0.19367283950617284 0.2381687242798354 0.19367283950617284 0.28703703703703703 0.12422839506172839 0.28703703703703703
1 0.0 0.22839506172839505 0.02353395061728395 0.22839506172839505 0.02353395061728395 0.2772633744855967 0.0 0.2772633744855967
0 0.3923611111111111 0.47890946502057613 0.4513888888888889 0.47890946502057613 0.4513888888888889 0.5282921810699589 0.3923611111111111 0.5282921810699589
0 0.5154320987654321 0.48559670781893005 0.5767746913580247 0.48559670781893005 0.5767746913580247 0.5318930041152263 0.5154320987654321 0.5318930041152263
0 0.6547067901234568 0.48148148148148145 0.7245370370370371 0.48148148148148145 0.7245370370370371 0.5303497942386831 0.6547067901234568 0.5303497942386831
0 0.8506944444444444 0.47685185185185186 0.9201388888888888 0.47685185185185186 0.9201388888888888 0.5216049382716049 0.8506944444444444 0.5216049382716049
0 0.3368055555555556 0.6311728395061729 0.4054783950617284 0.6311728395061729 0.4054783950617284 0.6826131687242798 0.3368055555555556 0.6826131687242798
0 0.17939814814814814 0.6286008230452675 0.24074074074074073 0.6286008230452675 0.24074074074074073 0.6748971193415638 0.17939814814814814 0.6748971193415638
0 0.04128086419753087 0.6198559670781894 0.10532407407407407 0.6198559670781894 0.10532407407407407 0.6661522633744856 0.04128086419753087 0.6661522633744856
0 0.5050154320987654 0.6347736625514403 0.5671296296296297 0.6347736625514403 0.5671296296296297 0.6846707818930041 0.5050154320987654 0.6846707818930041
0 0.6867283950617284 0.6388888888888888 0.7546296296296297 0.6388888888888888 0.7546296296296297 0.6887860082304527 0.6867283950617284 0.6887860082304527
0 0.8657407407407407 0.6409465020576132 0.9293981481481481 0.6409465020576132 0.9293981481481481 0.6862139917695473 0.8657407407407407 0.6862139917695473
0 0.13618827160493827 0.8816872427983539 0.19367283950617284 0.8816872427983539 0.19367283950617284 0.9320987654320988 0.13618827160493827 0.9320987654320988
0 0.25 0.8842592592592593 0.3074845679012346 0.8842592592592593 0.3074845679012346 0.9372427983539094 0.25 0.9372427983539094
0 0.3761574074074074 0.8842592592592593 0.4375 0.8842592592592593 0.4375 0.940843621399177 0.3761574074074074 0.940843621399177
0 0.5200617283950617 0.8955761316872428 0.5806327160493827 0.8955761316872428 0.5806327160493827 0.9459876543209876 0.5200617283950617 0.9459876543209876
0 0.6481481481481481 0.897119341563786 0.7102623456790124 0.897119341563786 0.7102623456790124 0.9531893004115226 0.6481481481481481 0.9531893004115226
0 0.7789351851851852 0.8981481481481481 0.8468364197530864 0.8981481481481481 0.8468364197530864 0.9495884773662552 0.7789351851851852 0.9495884773662552
0 0.9116512345679012 0.897119341563786 0.9764660493827161 0.897119341563786 0.9764660493827161 0.9506172839506173 0.9116512345679012 0.9506172839506173
1 0.0 0.8729423868312757 0.053626543209876545 0.8729423868312757 0.053626543209876545 0.9290123456790124 0.0 0.9290123456790124
2 0.7966820987654321 0.061213991769547324 0.8240740740740741 0.061213991769547324 0.8240740740740741 0.09773662551440329 0.7966820987654321 0.09773662551440329
2 0.41396604938271603 0.07150205761316872 0.44135802469135804 0.07150205761316872 0.44135802469135804 0.102880658436214 0.41396604938271603 0.102880658436214
2 0.16820987654320987 0.1404320987654321 0.19637345679012347 0.1404320987654321 0.19637345679012347 0.17901234567901234 0.16820987654320987 0.17901234567901234
2 0.5408950617283951 0.1440329218106996 0.5652006172839507 0.1440329218106996 0.5652006172839507 0.1831275720164609 0.5408950617283951 0.1831275720164609
2 0.7029320987654321 0.15174897119341563 0.7280092592592593 0.15174897119341563 0.7280092592592593 0.1882716049382716 0.7029320987654321 0.1882716049382716
2 0.9228395061728395 0.169238683127572 0.9521604938271605 0.169238683127572 0.9521604938271605 0.20679012345679013 0.9228395061728395 0.20679012345679013
2 0.6226851851851852 0.17026748971193414 0.6508487654320988 0.17026748971193414 0.6508487654320988 0.20679012345679013 0.6226851851851852 0.20679012345679013
2 0.25771604938271603 0.16358024691358025 0.28665123456790126 0.17232510288065844 0.2804783950617284 0.2103909465020576 0.2515432098765432 0.20164609053497942
2 0.11998456790123457 0.06275720164609054 0.16087962962962962 0.018518518518518517 0.1739969135802469 0.040123456790123455 0.13310185185185186 0.08436213991769548
2 0.24729938271604937 0.21965020576131689 0.2839506172839506 0.21965020576131689 0.2839506172839506 0.257201646090535 0.24729938271604937 0.257201646090535
2 0.5420524691358025 0.36574074074074076 0.6111111111111112 0.3533950617283951 0.6141975308641975 0.3863168724279835 0.5451388888888888 0.39814814814814814
2 0.5358796296296297 0.23508230452674897 0.597608024691358 0.20627572016460904 0.6037808641975309 0.2294238683127572 0.5416666666666666 0.25823045267489714
2 0.03665123456790124 0.2772633744855967 0.09027777777777778 0.25925925925925924 0.09567901234567901 0.2880658436213992 0.04205246913580247 0.30606995884773663
2 0.4104938271604938 0.29012345679012347 0.49344135802469136 0.28343621399176955 0.49459876543209874 0.31224279835390945 0.41165123456790126 0.31893004115226337
2 0.7318672839506173 0.3513374485596708 0.7986111111111112 0.3513374485596708 0.7986111111111112 0.38271604938271603 0.7318672839506173 0.38271604938271603
2 0.08410493827160494 0.2109053497942387 0.1111111111111111 0.2222222222222222 0.10339506172839506 0.25411522633744854 0.0763888888888889 0.24279835390946503
2 0.33024691358024694 0.3523662551440329 0.36072530864197533 0.34516460905349794 0.36574074074074076 0.38117283950617287 0.33526234567901236 0.38837448559670784
2 0.11458333333333333 0.3374485596707819 0.15817901234567902 0.3374485596707819 0.15817901234567902 0.37397119341563784 0.11458333333333333 0.37397119341563784
2 0.6033950617283951 0.46296296296296297 0.6558641975308642 0.43261316872427985 0.6639660493827161 0.4573045267489712 0.6114969135802469 0.4876543209876543
2 0.4984567901234568 0.4202674897119342 0.5304783950617284 0.4202674897119342 0.5304783950617284 0.4588477366255144 0.4984567901234568 0.4588477366255144
2 0.7986111111111112 0.45524691358024694 0.8846450617283951 0.43878600823045266 0.8873456790123457 0.46141975308641975 0.8009259259259259 0.47788065843621397
2 0.8198302469135802 0.31893004115226337 0.8800154320987654 0.2926954732510288 0.8854166666666666 0.31430041152263377 0.8248456790123457 0.34002057613168724
2 0.3599537037037037 0.4269547325102881 0.3761574074074074 0.4454732510288066 0.35108024691358025 0.48302469135802467 0.33526234567901236 0.4645061728395062
2 0.05632716049382716 0.4444444444444444 0.10802469135802469 0.4176954732510288 0.11651234567901235 0.44650205761316875 0.06481481481481481 0.4727366255144033
2 0.1396604938271605 0.42232510288065844 0.16705246913580246 0.42232510288065844 0.16705246913580246 0.4567901234567901 0.1396604938271605 0.4567901234567901
2 0.7241512345679012 0.4305555555555556 0.7955246913580247 0.4305555555555556 0.7955246913580247 0.46039094650205764 0.7241512345679012 0.46039094650205764
2 0.9452160493827161 0.5123456790123457 0.9926697530864198 0.49691358024691357 0.9972993827160493 0.5205761316872428 0.9494598765432098 0.5360082304526749
2 0.9502314814814815 0.5570987654320988 0.9764660493827161 0.5570987654320988 0.9764660493827161 0.5905349794238683 0.9502314814814815 0.5905349794238683
2 0.4243827160493827 0.5457818930041153 0.4618055555555556 0.5457818930041153 0.4618055555555556 0.5843621399176955 0.4243827160493827 0.5843621399176955
2 0.3082561728395062 0.5360082304526749 0.3290895061728395 0.5411522633744856 0.3236882716049383 0.5833333333333334 0.3028549382716049 0.5781893004115226
2 0.0941358024691358 0.5375514403292181 0.15625 0.5452674897119342 0.15432098765432098 0.5756172839506173 0.09220679012345678 0.5673868312757202
2 0.5671296296296297 0.5540123456790124 0.6222993827160493 0.5267489711934157 0.6311728395061729 0.559156378600823 0.5760030864197531 0.5859053497942387
2 0.6423611111111112 0.617798353909465 0.6697530864197531 0.6100823045267489 0.6755401234567902 0.647119341563786 0.6481481481481481 0.654835390946502
2 0.7743055555555556 0.5401234567901234 0.8194444444444444 0.5540123456790124 0.8128858024691358 0.5920781893004116 0.7677469135802469 0.5781893004115226
2 0.8391203703703703 0.6131687242798354 0.8665123456790124 0.6131687242798354 0.8665123456790124 0.6486625514403292 0.8391203703703703 0.6486625514403292
2 0.3333333333333333 0.713477366255144 0.3861882716049383 0.6893004115226338 0.39197530864197533 0.7114197530864198 0.33912037037037035 0.73559670781893
2 0.7739197530864198 0.7849794238683128 0.816358024691358 0.7458847736625515 0.8306327160493827 0.772633744855967 0.7881944444444444 0.8117283950617284
2 0.9039351851851852 0.7978395061728395 0.9529320987654321 0.808641975308642 0.9483024691358025 0.8467078189300411 0.8989197530864198 0.8359053497942387
2 0.5270061728395061 0.7664609053497943 0.5852623456790124 0.7777777777777778 0.5814043209876543 0.8132716049382716 0.5231481481481481 0.801954732510288
2 0.6219135802469136 0.793724279835391 0.6639660493827161 0.8081275720164609 0.6570216049382716 0.8436213991769548 0.6149691358024691 0.8292181069958847
2 0.005401234567901234 0.7412551440329218 0.07523148148148148 0.7412551440329218 0.07523148148148148 0.7777777777777778 0.005401234567901234 0.7777777777777778
2 0.22337962962962962 0.7875514403292181 0.23109567901234568 0.7520576131687243 0.27739197530864196 0.7705761316872428 0.26967592592592593 0.8060699588477366
2 0.30594135802469136 0.926954732510288 0.38580246913580246 0.9531893004115226 0.38040123456790126 0.9809670781893004 0.30092592592592593 0.9547325102880658
2 0.6064814814814815 0.9248971193415638 0.6651234567901234 0.9681069958847737 0.652391975308642 0.9984567901234568 0.5941358024691358 0.9557613168724279
2 0.7658179012345679 0.9398148148148148 0.8306327160493827 0.9547325102880658 0.8263888888888888 0.9850823045267489 0.7619598765432098 0.970164609053498
